21231508 jlu@21231508 杨雨贤9 计算机科学与技术学院 物联网工程 15 4.000000 3 0 0 5.000000 0.000000 0.000000 6.000000 0.000000 0.000000 7.000000 90.000000 0.000000
21231508 jlu@21231508 杨雨贤9 计算机科学与技术学院 物联网工程 15 4.000000 3 0 0 5.000000 0.000000 0.000000 6.000000 0.000000 0.000000 7.000000 0.000000 0.000000
21231508 jlu@21231508 杨雨贤9 计算机科学与技术学院 物联网工程 15 4.000000 3 0 0 5.000000 0.000000 0.000000 6.000000 0.000000 0.000000 7.000000 0.000000 0.000000
21231508 jlu@21231508 杨雨贤9 计算机科学与技术学院 物联网工程 15 4.000000 3 0 0 5.000000 0.000000 0.000000 6.000000 0.000000 0.000000 7.000000 0.000000 0.000000
21231508 jlu@21231508 杨雨贤9 计算机科学与技术学院 物联网工程 15 4.000000 3 0 0 5.000000 0.000000 0.000000 6.000000 0.000000 0.000000 7.000000 0.000000 0.000000
21231508 jlu@21231508 杨雨贤9 计算机科学与技术学院 物联网工程 15 4.000000 3 0 0 5.000000 0.000000 0.000000 6.000000 0.000000 0.000000 7.000000 0.000000 0.000000
21231508 jlu@21231508 杨雨贤9 计算机科学与技术学院 物联网工程 15 4.000000 3 0 0 5.000000 0.000000 0.000000 6.000000 0.000000 0.000000 7.000000 0.000000 0.000000
21231508 jlu@21231508 杨雨贤9 计算机科学与技术学院 物联网工程 15 4.000000 3 0 0 5.000000 0.000000 0.000000 6.000000 0.000000 0.000000 7.000000 0.000000 0.000000
21231508 jlu@21231508 杨雨贤8 计算机科学与技术学院 物联网工程 15 3.000000 3 0 0 5.000000 0.000000 0.000000 6.000000 0.000000 0.000000 7.000000 0.000000 0.000000
21231508 jlu@21231508 杨雨贤7 计算机科学与技术学院 物联网工程 15 2.000000 3 0 0 5.000000 0.000000 0.000000 6.000000 0.000000 0.000000 7.000000 0.000000 0.000000
123 jlu@123 1 计算机科学与技术学院 物联网工程 6 0.000000 3 1 1 5.000000 0.000000 0.000000 6.000000 0.000000 0.000000 7.000000 0.000000 0.000000 将 6 2 6 4欧祖宇 0.100000 B 2024-01-01 fuck 1 欧祖宇 ozy 2024-01-01 0.400000
1 1 欧祖宇 计算机科学与技术学院 物联网工程 15 0.000000 3 0 0 5.000000 0.000000 0.000000 6.000000 0.000000 0.000000 7.000000 0.000000 0.000000
21231509 jlu@21231509 翟旭 计算机科学与技术学院 物联网工程 15 0.000000 3 0 0 5.000000 0.000000 0.000000 6.000000 0.000000 0.000000 7.000000 0.000000 0.000000
